0
0
1
2
3
3
5
5
5
5
5
5
5
5
5
5
6
6
6
6
6
8
10
10
10
10
10
10
10
11
11
11
11
11
11
11
12
12
12
12
12
12
13
13
14
15
15
16
18
19
19
19
19
19
20
20
20
20
22
22
24
24
25
25
28
30
30
31
31
31
31
31
31
31
31
31
31
31
31
31
31
32
34
34
34
34
34
34
34
34
34
34
34
34
34
34
34
34
34
34
34
34
35
35
35
35
35
36
36
36
36
36
37
37
37
37
37
37
37
37
37
37
37
37
37
37
38
38
38
38
40
40
41
41
41
41
41
41
41
41
41
41
41
41
41
41
41
41
41
41
41
41
41
41
41
42
43
43
43
43
43
43
43
43
43
43
43
43
43
43
43
45
45
46
46
46
46
46
47
47
47
47
47
47
47
48
48
48
48
49
49
49
49
49
49
49
50
51
54
54
56
56
56
56
56
56
56
56
58
59
59
59
59
59
59
60
60
60
60
60
60
60
60
61
61
61
61
61
61
62
62
63
63
63
63
63
63
63
63
64
64
64
65
66
67
67
67
68
68
70
70
70
70
70
70
70
70
70
70
70
70
70
70
70
70
70
70
70
70
70
70
70
71
71
71
72
73
75
75
76
76
77
78
78
78
78
78
78
78
78
78
78
78
80
80
80
80
80
80
80
80
80
80
80
80
80
80
80
81
81
82
82
82
82
82
82
82
82
84
84
85
85
87
87
87
87
87
87
87
88
88
89
89
89
89
89
89
90
91
92
92
93
93
93
93
96
99
99
99
99
100
101
101
103
104
104
104
104
104
105
105
106
106
106
106
106
108
108
110
110
111
111
111
111
113
115
115
115
115
115
115
115
115
115
115
115
115
117
118
118
118
118
118
118
118
119
121
122
124
124
125
126
126
126
126
126
126
126
126
126
126
126
126
126
126
126
126
126
126
126
128
128
129
129
130
132
132
135
138
141
141
141
141
142
142
142
142
142
142
142
144
145
145
148
148
148
148
149
149
149
149
149
149
149
149
149
149
149
153
153
153
153
153
154
154
154
155
155
155
155
155
155
155
155
157
157
157
157
157
157
157
157
158
160
160
160
160
160
160
160
160
160
160
160
160
160
160
160
160
160
160
160
160
160
160
161
161
163
163
163
163
163
163
163
164
166
166
167
168
168
172
173
173
180
180
180
180
180
180
180
180
180
180
180
180
180
180
180
180
181
181
182
183
183
183
183
183
183
183
184
184
186
186
188
189
189
189
189
189
189
191
191
191
192
193
194
195
195
195
195
195
195
195
196
196
196
196
196
197
199
199
200
200
200
200
200
200
200
200
200
200
200
200
201
201
201
203
203
203
203
203
205
207
207
208
208
209
209
211
211
211
211
211
211
211
211
211
211
211
212
212
212
212
212
212
212
212
212
215
217
217
218
218
218
220
222
222
222
222
222
222
222
222
222
222
222
222
222
222
222
222
222
222
222
223
225
226
227
227
227
228
228
228
230
230
230
230
230
230
230
230
230
230
230
230
231
232
232
232
233
233
233
233
233
233
233
233
234
234
234
234
234
234
234
234
234
234
234
234
234
234
234
234
234
234
234
235
236
237
237
237
237
237
237
237
237
237
238
238
238
239
239
239
239
240
240
240
241
242
243
245
245
245
245
245
245
245
245
245
245
245
245
245
245
245
246
247
249
249
250
254
255
255
255
255
255
255
255
255
255
255
255
255
255
258
260
260
262
263
264
265
265
265
265
265
265
265
265
265
265
265
265
265
267
267
267
267
267
267
267
267
267
267
268
268
268
268
268
268
268
268
268
268
268
268
268
268
268
268
268
268
268
268
268
269
270
271
271
273
276
276
276
276
276
277
278
278
281
282
283
283
285
287
287
288
291
293
294
294
294
295
295
295
295
297
299
299
300
300
301
301
301
301
301
301
301
301
301
301
301
302
302
302
302
302
302
302
302
302
302
302
303
303
304
305
305
305
305
305
306
306
307
307
307
307
307
307
307
307
308
308
309
310
310
310
310
310
310
310
310
312
312
312
313
314
314
314
314
314
314
314
314
314
314
314
314
315
315
315
315
317
317
317
317
318
319
319
319
319
319
319
319
320
320
320
320
320
322
322
322
322
322
322
322
322
322
322
322
322
322
322
322
322
322
324
328
330
330
331
331
332
332
332
332
332
332
332
332
332
332
332
332
334
334
335
335
335
335
335
335
335
335
335
335
335
335
335
335
335
336
337
338
338
338
338
338
338
338
339
340
340
340
340
340
340
340
340
340
340
340
340
340
340
340
340
340
340
340
340
340
340
340
341
341
341
341
342
342
344
344
344
344
344
344
344
344
344
344
344
344
344
344
344
344
345
345
345
345
345
345
345
346
346
346
346
346
346
346
346
346
346
346
346
347
348
348
349
349
349
349
349
349
351
353
353
353
354
354
356
356
356
356
356
356
356
356
356
356
356
356
356
356
357
357
357
357
357
357
357
357
357
357
357
357
357
357
358
358
358
359
359
359
359
359
359
359
359
359
359
359
359
360
360
360
360
360
360
360
360
360
361
361
361
361
361
361
361
363
364
364
364
364
364
364
364
364
364
364
367
367
367
367
368
368
368
368
368
368
368
368
368
368
368
369
369
370
370
372
373
373
374
375
376
377
378
379
379
379
379
379
379
379
379
379
380
380
381
381
381
381
381
381
381
381
381
383
385
387
387
390
391
391
391
392
392
392
392
392
392
392
392
392
392
392
392
392
392
392
392
392
392
392
392
392
392
393
393
393
394
395
396
396
396
397
397
397
401
403
404
404
405
405
405
405
405
405
405
405
405
405
405
405
405
405
407
409
412
412
412
412
412
412
412
412
412
412
412
414
415
415
415
415
415
415
415
415
415
415
415
415
415
415
415
415
415
415
415
417
418
418
418
419
422
424
425
429
429
430
430
431
431
432
432
434
434
434
436
436
436
437
437
437
438
440
440
442
442
442
442
442
442
442
442
442
443
450
450
450
450
452
455
455
455
456
457
457
457
457
457
457
457
457
459
461
462
464
465
465
467
467
467
467
467
467
469
469
470
471
471
471
472
472
474
474
474
474
474
475
475
475
476
476
476
476
478
479
479
479
479
479
479
479
479
479
479
479
479
480
480
482
483
483
483
483
483
484
485
485
485
487
489
489
490
490
492
492
492
492
492
492
492
492
492
492
492
492
492
492
492
494
496
497
497
497
497
498
499
501
502
504
505
505
505
505
505
505
505
506
507
507
507
507
507
507
507
507
507
507
507
507
507
507
507
508
508
508
508
509
511
511
511
511
511
511
511
511
511
511
511
511
511
513
513
514
514
514
514
518
518
520
520
520
520
521
521
522
522
522
522
522
522
522
522
522
522
522
522
522
522
522
522
522
522
522
522
522
522
523
523
523
523
524
525
527
527
527
527
527
527
527
527
527
527
528
528
529
529
531
531
532
532
532
532
532
532
532
532
534
539
540
540
541
541
542
542
542
542
542
542
542
542
542
543
543
544
544
545
548
549
549
549
549
550
552
552
552
552
552
552
552
552
552
555
559
560
560
560
560
561
561
563
568
568
570
570
570
570
570
570
570
570
570
570
570
570
570
570
570
571
572
572
572
572
572
572
573
573
573
573
577
580
587
587
588
589
589
590
590
590
590
590
590
590
590
590
590
590
592
593
593
593
593
593
593
593
594
594
594
594
595
597
599
602
603
605
605
605
605
605
605
605
605
605
605
605
605
607
607
607
607
607
607
610
611
612
614
618
618
618
618
618
618
619
620
622
623
625
626
628
628
629
629
629
629
629
629
629
631
631
636
636
636
636
638
640
640
642
643
648
649
652
652
653
654
656
657
657
657
659
659
661
662
663
664
664
664
664
664
664
664
664
664
664
665
665
665
665
666
668
668
668
668
668
668
668
668
672
672
674
675
677
678
681
683
684
686
687
689
689
689
689
689
689
689
689
689
689
689
689
694
694
694
694
694
694
694
694
703
703
704
705
706
706
707
708
708
708
708
708
708
708
708
708
708
708
708
709
711
712
712
713
714
714
714
714
714
714
714
714
714
714
714
714
715
715
715
715
715
715
715
717
718
719
721
723
723
723
724
724
724
724
724
724
724
724
724
724
724
724
724
724
724
724
724
724
724
725
725
725
727
728
729
729
730
730
731
731
731
734
735
735
735
735
735
735
735
735
735
735
735
735
735
735
735
735
735
735
736
736
736
737
737
737
737
739
739
739
739
746
746
746
747
747
747
747
747
748
749
749
750
753
753
753
756
756
756
756
756
756
756
758
759
762
762
762
764
765
765
765
767
767
768
768
768
768
768
768
768
768
768
768
768
768
768
768
768
768
769
769
769
769
769
769
769
769
770
770
770
770
770
770
770
770
770
770
771
773
776
776
776
777
779
780
780
783
783
783
783
783
783
783
783
785
785
787
787
788
788
788
788
789
789
789
789
789
791
794
794
794
794
794
796
796
796
798
799
803
803
803
803
803
803
803
803
803
803
803
808
809
812
812
813
814
815
816
816
817
817
817
817
817
819
819
821
824
828
828
828
828
828
828
828
828
828
828
828
828
828
828
828
831
833
833
835
836
838
839
839
840
840
840
840
840
841
841
843
843
843
845
846
846
846
849
856
856
856
856
856
856
856
856
856
856
856
856
856
856
856
857
858
858
859
859
859
859
859
859
859
859
859
859
859
859
859
860
860
860
863
863
863
863
865
865
865
865
865
865
866
866
867
867
867
867
867
867
867
867
871
877
877
877
877
877
877
877
877
877
880
880
880
880
889
892
893
893
893
893
893
893
893
893
893
893
893
893
894
898
898
901
901
902
906
908
909
909
909
911
911
911
911
911
911
911
914
916
916
916
917
917
917
917
917
917
917
917
917
917
917
917
917
917
918
918
918
918
921
921
921
921
921
922
922
923
932
933
933
936
936
936
936
936
936
936
936
937
941
943
943
944
944
944
944
945
946
948
948
948
948
949
953
955
956
956
956
956
956
956
956
956
956
958
959
959
962
962
962
962
963
963
964
964
966
969
969
969
970
972
972
973
973
975
975
975
976
976
976
976
976
976
976
977
977
977
977
977
977
977
977
981
982
983
988
988
989
989
989
991
991
991
991
995
995
998
1000
1001
1002
1003
1003
1003
1006
1008
1008
1010
1010
1010
1013
1013
1013
1013
1013
1013
1013
1013
1013
1013
1016
1018
1018
1018
1018
1018
1018
1018
1018
1018
1018
1018
1020
1020
1020
1022
1023
1023
1023
1023
1023
1023
1023
1023
1023
1023
1023
1023
1023
1023
1023
1023
1023
1023
1027
1029
1030
1030
1032
1034
1036
1036
1037
1037
1037
1038
1038
1038
1038
1038
1038
1038
1038
1038
1038
1038
1038
1038
1038
1041
1042
1042
1044
1047
1047
1048
1049
1049
1050
1051
1051
1053
1053
1053
1053
1053
1053
1053
1053
1054
1057
1057
1057
1059
1059
1059
1060
1060
1061
1062
1062
1065
1069
1069
1069
1069
1069
1069
1069
1069
1069
1069
1069
1070
1070
1070
1070
1070
1070
1072
1072
1072
1076
1076
1077
1077
1079
1080
1080
1080
1080
1080
1081
1085
1085
1085
1085
1086
1086
1086
1086
1086
1086
1086
1086
1086
1086
1086
1086
1086
1086
1093
1093
1093
1095
1098
1100
1100
1101
1102
1102
1102
1103
1103
1104
1104
1105
1106
1106
1106
1106
1107
1112
1112
1112
1112
1112
1112
1112
1112
1112
1113
1113
1113
1113
1117
1117
1119
1120
1120
1120
1120
1120
1120
1120
1120
1120
1120
1120
1120
1120
1120
1120
1120
1120
1120
1121
1123
1123
1126
1127
1127
1129
1129
1129
1130
1130
1130
1130
1130
1130
1131
1132
1132
1132
1132
1132
1132
1133
1133
1133
1133
1133
1133
1133
1133
1133
1133
1133
1134
1134
1136
1137
1137
1137
1139
1143
1143
1144
1145
1145
1145
1146
1146
1146
1146
1146
1147
1150
1150
1150
1150
1150
1150
1150
1153
1153
1157
1158
1161
1162
1163
1163
1163
1163
1163
1167
1168
1172
1173
1175
1175
1175
1176
1176
1176
1176
1177
1179
1179
1179
1182
1183
1183
1184
1187
1188
1188
1188
1188
1188
1188
1188
1188
1189
1191
1191
1191
1191
1191
1191
1191
1191
1191
1191
1191
1191
1191
1191
1196
1198
1199
1201
1201
1201
1201
1201
1201
1201
1202
1202
1202
1203
1203
1203
1204
1204
1204
1204
1205
1205
1205
1205
1205
1205
1205
1205
1205
1205
1206
1208
1208
1208
1208
1208
1209
1209
1209
1209
1212
1212
1213
1213
1213
1213
1215
1215
1215
1215
1215
1215
1215
1215
1215
1217
1217
1219
1223
1223
1223
1225
1227
1227
1227
1227
1227
1227
1227
1227
1227
1227
1227
1227
1227
1228
1228
1228
1228
1228
1229
1230
1231
1231
1232
1232
1233
1234
1236
1236
1236
1236
1236
1236
1236
1236
1236
1236
1236
1236
1236
1236
1236
1236
1237
1237
1237
1237
1237
1237
1238
1240
1240
1240
1241
1241
1242
1243
1245
1246
1247
1249
1249
1249
1249
1249
1249
1249
1249
1250
1250
1252
1253
1254
1255
1255
1255
1257
1260
1261
1261
1261
1261
1261
1261
1261
1261
1261
1261
1262
1266
1266
1266
1266
1266
1267
1267
1267
1267
1267
1267
1267
1267
1268
1268
1268
1271
1276
1276
1276
1276
1281
1281
1285
1287
1290
1290
1290
1290
1290
1290
1291
1293
1294
1295
1297
1297
1297
1297
1299
1299
1300
1300
1300
1300
1300
1300
1300
1300
1300
1300
1300
1300
1300
1300
1300
1302
1302
1303
1304
1305
1309
1310
1312
1314
1315
1315
1317
1319
1319
1319
1319
1319
1319
1319
1319
1319
1319
1319
1319
1319
1319
1320
1324
1327
1329
1329
1331
1331
1331
1331
1331
1332
1333
1333
1333
1333
1333
1333
1333
1333
1333
1333
1333
1333
1333
1333
1333
1333
1334
1334
1334
1334
1334
1335
1335
1335
1338
1339
1339
1339
1339
1339
1340
1340
1340
1340
1340
1341
1341
1341
1343
1343
1344
1344
1344
1344
1345
1345
1346
1347
1352
1352
1352
1356
1356
1356
1356
1356
1356
1356
1356
1356
1356
1356
1356
1356
1358
1358
1358
1358
1359
1359
1360
1361
1361
1361
1361
1363
1363
1365
1366
1366
1367
1368
1370
1370
1373
1373
1388
1390
1392
1392
1392
1392
1392
1393
1394
1396
1396
1397
1397
1397
1403
1404
1404
1405
1405
1407
1408
1408
1408
1408
1408
1408
1408
1408
1408
1408
1408
1408
1408
1410
1412
1413
1414
1414
1416
1419
1423
1425
1425
1425
1425
1425
1425
1425
1434
1434
1436
1436
1436
1438
1439
1439
1441
1443
1446
1449
1450
1450
1450
1450
1451
1452
1452
1453
1457
1457
1457
1457
1457
1457
1457
1457
1457
1457
1457
1457
1457
1457
1457
1457
1457
1457
1457
1457
1458
1460
1460
1461
1462
1465
1465
1465
1465
1465
1465
1466
1467
1468
1468
1468
1468
1468
1468
1468
1469
1469
1470
1470
1470
1470
1470
1470
1470
1470
1472
1472
1472
1472
1472
1473
1474
1474
1475
1475
1475
1475
1475
1477
1479
1481
1481
1482
1484
1484
1485
1485
1485
1486
1486
1487
1488
1490
1491
1491
1494
1496
1497
1497
1497
1497
1497
1497
1497
1498
1498
1501
1501
1501
1501
1501
1501
1501
1501
1501
1504
1505
1506
1507
1509
1509
1509
1510
1514
1517
1518
1520
1521
1522
1523
1523
1523
1523
1523
1523
1523
1524
1526
1526
1526
1527
1528
1529
1529
1529
1530
1530
1530
1530
1530
1530
1530
1530
1530
1530
1530
1530
1530
1530
1530
1530
1530
1532
1533
1534
1534
1534
1534
1536
1536
1536
1536
1536
1536
1536
1536
1536
1536
1536
1536
1536
1537
1537
1541
1543
1543
1545
1545
1545
1545
1545
1545
1545
1545
1545
1545
1545
1545
1545
1545
1546
1548
1548
1548
1550
1550
1550
1550
1550
1550
1550
1550
1552
1554
1554
1554
1554
1554
1554
1554
1554
1554
1554
1554
1557
1569
1569
1572
1572
1573
1573
1574
1575
1576
1576
1582
1583
1584
1586
1586
1587
1587
1587
1587
1587
1587
1588
1589
1591
1592
1593
1593
1593
1593
1594
1594
1596
1596
1596
1597
1597
1597
1597
1599
1599
1600
1603
1603
1604
1607
1607
1608
1608
1608
1608
1608
1608
1608
1609
1609
1609
1609
1609
1609
1609
1610
1610
1610
1610
1610
1610
1610
1610
1610
1610
1610
1610
1610
1612
1612
1612
1612
1613
1613
1614
1615
1615
1619
1619
1620
1620
1620
1620
1622
1622
1624
1626
1627
1627
1627
1627
1627
1628
1628
1628
1629
1629
1631
1632
1633
1636
1637
1637
1637
1637
1637
1637
1637
1637
1637
1637
1637
1637
1637
1638
1641
1641
1641
1641
1641
1641
1641
1641
1641
1641
1641
1641
1641
1641
1641
1644
1644
1645
1646
1649
1651
1654
1654
1654
1656
1656
1656
1659
1661
1661
1661
1661
1661
1661
1661
1662
1662
1663
1663
1663
1663
1663
1663
1663
1665
1665
1665
1668
1671
1671
1671
1671
1671
1671
1671
1671
1671
1671
1671
1671
1671
1673
1673
1673
1673
1675
1675
1676
1676
1676
1676
1676
1676
1676
1677
1677
1678
1678
1678
1680
1680
1680
1680
1680
1680
1680
1680
1680
1681
1681
1681
1681
1681
1681
1681
1681
1681
1681
1683
1684
1684
1684
1684
1684
1684
1684
1684
1684
1684
1684
1684
1685
1686
1686
1686
1687
1687
1687
1687
1689
1689
1689
1689
1690
1690
1690
1690
1690
1690
1690
1690
1691
1691
1691
1693
1694
1694
1694
1694
1694
1694
1694
1694
1694
1694
1694
1694
1694
1694
1694
1694
1694
1694
1694
1694
1694
1694
1694
1696
1696
1696
1696
1696
1696
1696
1696
1696
1696
1696
1696
1696
1696
1696
1696
1696
1696
1696
1698
1700
1701
1701
1705
1705
1708
1711
1714
1715
1715
1715
1715
1715
1715
1715
1715
1716
1716
1716
1718
1718
1718
1718
1718
1718
1718
1719
1719
1719
1719
1719
1721
1721
1722
1722
1722
1722
1723
1723
1725
1726
1729
1730
1732
1734
1736
1738
1740
1740
1742
1746
1746
1747
1747
1748
1748
1750
1750
1750
1750
1751
1751
1752
1752
1753
1753
1753
1753
1753
1753
1754
1756
1758
1758
1758
1758
1758
1758
1758
1758
1759
1759
1759
1759
1759
1759
1759
1759
1761
1761
1761
1761
1762
1766
1766
1768
1768
1768
1769
1769
1769
1769
1769
1770
1770
1770
1770
1771
1771
1772
1773
1773
1773
1773
1773
1773
1774
1774
1774
1774
1774
1775
1775
1775
1776
1782
1782
1782
1783
1783
1783
1783
1784
1784
1784
1784
1784
1784
1784
1784
1784
1786
1786
1786
1786
1786
1786
1786
1786
1786
1786
1786
1786
1786
1786
1789
1789
1789
1790
1790
1790
1790
1793
1793
1794
1794
1794
1796
1796
1796
1796
1796
1796
1798
1799
1799
1800
1800
1803
1806
1806
1806
1807
1807
1808
1809
1809
1809
1812
1812
1814
1814
1814
1815
1815
1816
1817
1817
1817
1817
1817
1817
1817
1817
1817
1817
1817
1817
1818
1818
1818
1818
1818
1818
1818
1818
1820
1820
1820
1820
1820
1820
1820
1820
1820
1822
1823
1825
1830
1830
1830
1830
1830
1830
1830
1830
1830
1830
1830
1833
1834
1834
1834
1834
1840
1840
1840
1843
1845
1846
1846
1846
1846
1846
1847
1847
1847
1847
1847
1847
1847
1848
1850
1850
1851
1851
1852
1852
1852
1852
1852
1852
1852
1852
1855
1855
1855
1855
1855
1855
1855
1855
1855
1855
1856
1856
1856
1858
1859
1861
1861
1861
1861
1863
1867
1867
1867
1868
1868
1868
1868
1868
1868
1870
1870
1870
1870
1870
1870
1870
1870
1870
1870
1870
1870
1870
1870
1870
1871
1871
1871
1871
1871
1871
1871
1871
1872
1872
1873
1873
1873
1873
1873
1873
1874
1874
1874
1874
1874
1876
1876
1876
1876
1877
1878
1878
1878
1878
1878
1878
1878
1879
1879
1879
1880
1880
1880
1884
1884
1885
1886
1887
1887
1889
1891
1892
1892
1892
1892
1892
1892
1892
1892
1892
1892
1892
1892
1892
1892
1892
1892
1892
1892
1892
1894
1896
1896
1897
1897
1898
1898
1898
1898
1898
1898
1899
1899
1899
1899
1899
1899
1899
1899
1899
1899
1902
1903
1903
1903
1906
1906
1906
1906
1907
1907
1907
1907
1907
1907
1907
1907
1907
1907
1908
1908
1908
1908
1909
1911
1913
1913
1913
1913
1913
1913
1913
1913
1913
1913
1915
1917
1918
1922
1924
1924
1925
1925
1926
1926
1926
1926
1926
1926
1927
1927
1928
1931
1933
1933
1933
1934
1938
1939
1939
1940
1940
1940
1942
1944
1944
1944
1944
1944
1944
1944
1944
1944
1944
1945
1946
1946
1948
1950
1951
1951
1951
1951
1951
1951
1951
1951
1951
1951
1951
1951
1951
1951
1951
1951
1952
1952
1953
1953
1953
1954
1955
1955
1955
1955
1955
1955
1958
1958
1958
1959
1959
1961
1965
1965
1965
1965
1968
1968
1968
1969
1969
1973
1976
1976
1976
1976
1976
1976
1976
1976
1977
1977
1978
1978
1978
1978
1978
1978
1978
1978
1978
1978
1978
1978
1978
1978
1978
1978
1978
1978
1978
1978
1978
1978
1978
1979
1979
1979
1979
1979
1979
1979
1979
1979
1979
1981
1983
1984
1984
1984
1985
1985
1985
1985
1985
1985
1985
1985
1985
1985
1986
1987
1988
1988
1988
1988
1988
1988
1989
1989
1989
1991
1991
1991
1994
1998
2004
2005
2005
2005
2005
2005
2005
2005
2005
2005
2005
2005
2005
2005
2005
2005
2006
2006
2006
2009
2010
2010
2010
2010
2010
2012
2013
2015
2016
2016
2016
2016
2016
2017
2017
2017
2017
2017
2017
2017
2017
2017
2019
2019
2019
2019
2019
2019
2019
2020
2020
2020
2022
2023
2023
2026
2030
2032
2034
2034
2034
2034
2034
2034
2034
2034
2034
2034
2034
2034
2034
2034
2034
2034
2035
2035
2035
2037
2038
2038
2038
2038
2040
2041
2041
2041
2042
2043
2043
2043
2043
2043
2043
2043
2043
2043
2043
2043
2043
2043
2043
2043
2043
2043
2043
2044
2046
2047
2048
2048
2048
2048
2050
2050
2051
2053
2055
2055
2055
2055
2057
2057
2061
2063
2063
2063
2063
2064
2064
2064
2064
2065
2065
2065
2065
2065
2065
2065
2065
2065
2065
2065
2065
2065
2065
2065
2065
2067
2067
2068
2068
2068
2068
2068
2069
2070
2070
2070
2070
2070
2070
2070
2070
2070
2070
2070
2070
2070
2071
2073
2074
2074
2074
2074
2074
2074
2074
2074
2074
2075
2075
2077
2077
2077
2077
2077
2077
2077
2077
2077
2077
2077
2077
2077
2077
2077
2077
2077
2077
2077
2077
2079
2079
2079
2079
2079
2079
2079
2079
2079
2079
2079
2079
2080
2080
2080
2083
2085
2085
2085
2086
2086
2089
2090
2090
2090
2090
2090
2090
2090
2090
2090
2090
2090
2090
2090
2090
2090
2090
2090
2090
2090
2091
2091
2091
2091
2091
2091
2093
2095
2095
2095
2095
2095
2095
2095
2095
2095
2095
2095
2095
2095
2095
2098
2102
2102
2103
2103
2103
2105
2106
2106
2108
2109
2110
2110
2110
2113
2117
2118
2118
2119
2120
2120
2120
2120
2120
2120
2120
2120
2120
2120
2120
2120
2120
2120
2120
2120
2120
2120
2121
2121
2121
2123
2123
2123
2125
2125
2129
2130
2130
2130
2130
2131
2132
2133
2133
2133
2133
2133
2133
2133
2133
2134
2135
2135
2135
2138
2140
2142
2142
2142
2142
2144
2144
2145
2145
2145
2146
2147
2147
2147
2147
2147
2148
2148
2150
2150
2150
2150
2150
2150
2150
2150
2150
2150
2150
2153
2154
2154
2156
2158
2158
2158
2158
2158
2158
2160
2163
2163
2163
2165
2165
2165
2165
2165
2165
2165
2165
2165
2165
2165
2165
2167
2168
2169
2172
2172
2175
2175
2175
2175
2175
2175
2175
2175
2175
2178
2178
2178
2178
2178
2178
2178
2178
2178
2178
2178
2178
2178
2178
2178
2178
2178
2179
2179
2179
2179
2179
2179
2179
2179
2179
2179
2179
2179
2179
2179
2179
2179
2179
2179
2179
2179
2179
2179
2182
2182
2182
2182
2182
2182
2182
2183
2183
2183
2184
2184
2184
2184
2184
2184
2187
2187
2189
2189
2189
2189
2189
2189
2189
2189
2189
2189
2189
2189
2190
2190
2190
2191
2193
2193
2193
2193
2193
2193
2193
2193
2194
2196
2196
2196
2196
2196
2196
2196
2196
2196
2199
2199
2199
2199
2199
2201
2201
2201
2201
2201
2201
2201
2201
2201
2201
2201
2201
2201
2201
2201
2203
2208
2211
2211
2212
2212
2214
2214
2214
2214
2214
2214
2214
2214
2214
2214
2218
2219
2220
2220
2220
2220
2220
2220
2223
2223
2223
2224
2224
2224
2224
2224
2224
2225
2225
2225
2227
2229
2230
2232
2233
2233
2233
2235
2235
2235
2236
2236
2236
2236
2236
2236
2236
2236
2236
2236
2236
2236
2236
2237
2237
2239
2240
2244
2244
2244
2244
2244
2244
2244
2244
2244
2244
2244
2244
2244
2244
2245
2247
2247
2248
2249
2249
2250
2250
2251
2252
2252
2255
2255
2256
2256
2256
2258
2258
2258
2258
2258
2258
2258
2258
2258
2258
2258
2258
2258
2258
2258
2258
2258
2258
2258
2258
2258
2258
2258
2259
2260
2260
2263
2264
2264
2266
2267
2267
2271
2271
2272
2272
2272
2272
2272
2272
2272
2272
2272
2272
2272
2272
2272
2272
2273
2273
2274
2274
2275
2276
2276
2277
2279
2280
2280
2280
2280
2280
2280
2280
2280
2280
2280
2281
2281
2282
2282
2282
2282
2283
2283
2283
2283
2283
2283
2283
2283
2283
2283
2283
2284
2284
2285
2286
2286
2286
2286
2286
2286
2286
2286
2287
2287
2287
2287
2287
2287
2287
2287
2289
2289
2291
2292
2294
2294
2295
2296
2296
2296
2296
2296
2296
2296
2296
2296
2296
2296
2296
2297
2297
2297
2302
2302
2303
2303
2303
2303
2303
2304
2304
2304
2304
2304
2306
2307
2308
2308
2308
2308
2308
2308
2309
2309
2309
2310
2310
2310
2312
2313
2315
2315
2316
2316
2317
2319
2319
2320
2320
2320
2320
2320
2320
2320
2320
2320
2320
2320
2321
2321
2322
2323
2323
2325
2326
2329
2330
2330
2330
2330
2330
2330
2330
2330
2330
2331
2331
2334
2334
2334
2334
2334
2335
2335
2336
2336
2336
2336
2336
2338
2339
2339
2339
2339
2340
2340
2340
2340
2340
2340
2340
2340
2341
2341
2341
2341
2341
2341
2341
2341
2341
2342
2342
2343
2343
2343
2343
2343
2343
2343
2343
2345
2345
2346
2348
2348
2349
2349
2349
2351
2351
2352
2352
2353
2354
2354
2354
2354
2354
2354
2354
2354
2354
2354
2356
2356
2356
2356
2356
2356
2356
2356
2356
2356
2356
2356
2356
2356
2356
2356
2358
2358
2358
2358
2359
2359
2359
2359
2359
2359
2359
2359
2359
2359
2360
2360
2360
2360
2360
2360
2360
2360
2360
2360
2360
2360
2360
2360
2360
2360
2360
2360
2360
2361
2362
2363
2363
2363
2364
2364
2364
2364
2365
2365
2365
2365
2365
2365
2365
2365
2366
2367
2370
2371
2371
2373
2375
2375
2375
2375
2376
2376
2376
2376
2378
2379
2379
2379
2379
2379
2379
2379
2379
2380
2380
2380
2382
2383
2384
2384
2384
2384
2384
2384
2384
2384
2384
2384
2385
2386
2388
2389
2390
2391
2391
2393
2393
2394
2394
2394
2396
2396
2396
2396
2397
2397
2397
2397
2397
2397
2398
2398
2398
2398
2399
2399
2399
2399
2402
2404
2404
2406
2407
2407
2407
2407
2407
2407
2407
2407
2407
2408
2408
2408
2408
2408
2408
2408
2408
2409
2409
2409
2409
2409
2409
2409
2409
2409
2409
2411
2411
2411
2411
2411
2411
2411
2411
2411
2411
2411
2411
2411
2411
2411
2411
2411
2411
2411
2412
2413
2413
2413
2413
2413
2413
2413
2413
2413
2413
2413
2413
2413
2413
2413
2414
2414
2415
2415
2415
2415
2415
2415
2415
2415
2416
2418
2418
2418
2418
2419
2419
2419
2419
2419
2419
2419
2421
2421
2421
2421
2421
2421
2421
2422
2422
2422
2422
2422
2422
2422
2424
2424
2424
2426
2426
2426
2427
2427
2429
2429
2429
2429
2429
2431
2431
2432
2432
2432
2432
2432
2432
2432
2432
2432
2432
2432
2432
2433
2433
2433
2433
2433
2433
2433
2433
2434
2434
2434
2434
2434
2434
2434
2434
2434
2434
2436
2439
2439
2440
2443
2445
2445
2447
2447
2447
2449
2449
2449
2450
2451
2451
2455
2456
2456
2456
2459
2460
2460
2464
2464
2464
2464
2464
2464
2464
2464
2464
2464
2464
2464
2464
2465
2466
2467
2467
2467
2467
2467
2467
2467
2467
2467
2467
2467
2467
2467
2467
2467
2467
2467
2467
2468
2469
2470
2470
2470
2470
2470
2470
2470
2470
2470
2470
2470
2470
2470
2470
2470
2472
2473
2473
2473
2475
2477
2477
2478
2479
2479
2481
2484
2484
2484
2484
2484
2484
2484
2484
2484
2484
2485
2485
2485
2485
2485
2485
2485
2485
2485
2485
2485
2485
2485
2485
2485
2485
2486
2487
2487
2487
2487
2487
2490
2490
2491
2492
2495
2497
2497
2497
2498
2498
2498
2498
2498
2498
2498
2498
2498
2498
2498
2498
2498
2498
2498
2500
2500
2501
2501
2501
2501
2501
2501
2501
2501
2501
2501
2501
2502
2503
2504
2504
2504
2504
2505
2505
2505
2505
2505
2505
2506
2506
2506
2506
2506
2506
2507
2507
2507
2507
2507
2508
2508
2508
2508
2508
2508
2508
2508
2508
2508
2509
2511
2511
2513
2513
2515
2515
2515
2517
2518
2520
2520
2520
2520
2521
2521
2521
2521
2521
2521
2522
2522
2522
2522
2522
2522
2522
2522
2522
2522
2522
2522
2522
2522
2522
2522
2522
2522
2522
2522
2522
2522
2522
2523
2523
2523
2525
2525
2527
2529
2529
2530
2530
2532
2532
2533
2533
2533
2533
2534
2537
2539
2542
2544
2544
2545
2545
2546
2547
2547
2547
2547
2547
2547
2547
2547
2548
2549
2549
2549
2549
2549
2549
2549
2549
2549
2549
2549
2549
2549
2549
2550
2551
2552
2552
2554
2554
2555
2555
2555
2555
2555
2555
2555
2555
2555
2555
2555
2555
2555
2555
2555
2555
2555
2555
2555
2555
2556
2556
2557
2557
2557
2557
2557
2557
2557
2557
2557
2558
2558
2558
2558
2558
2558
2558
2558
2558
2559
2559
2559
2559
2559
2559
2559
2559
2559
2559
2559
2560
2560
2560
2560
2560
2560
2560
2560
2561
2562
2562
2562
2562
2562
2563
2563
2563
2564
2564
2564
2569
2570
2570
2570
2570
2571
2571
2571
2572
2572
2572
2573
2573
2575
2575
2575
2575
2576
2578
2578
2578
2578
2578
2578
2578
2578
2578
2578
2579
2579
2579
2582
2582
2583
2585
2585
2585
2585
2587
2587
2588
2588
2588
2588
2588
2588
2588
2588
2588
2588
2588
2588
2588
2588
2588
2588
2588
2588
2588
2588
2589
2590
2590
2590
2590
2590
2590
2592
2592
2593
2595
2596
2596
2596
2596
2596
2598
2599
2600
2600
2600
2600
2600
2600
2600
2600
2600
2600
2601
2601
2601
2601
2602
2602
2602
2602
2602
2602
2602
2602
2603
2603
2604
2604
2604
2604
2604
2605
2606
2606
2606
2606
2606
2606
2606
2606
2606
2606
2606
2606
2606
2606
2606
2606
2606
2606
2607
2607
2607
2607
2607
2608
2608
2610
2610
2611
2612
2612
2612
2612
2612
2612
2612
2612
2612
2612
2612
2612
2612
2612
2612
2613
2613
2613
2613
2613
2613
2613
2613
2613
2613
2613
2613
2613
2613
2614
2614
2614
2614
2614
2614
2614
2614
2614
2615
2616
2616
2617
2617
2617
2617
2617
2617
2617
2617
2617
2617
2617
2618
2621
2621
2624
2624
2624
2624
2624
2625
2625
2625
2625
2625
2626
2626
2631
2631
2633
2633
2634
2634
2634
2634
2634
2634
2634
2634
2634
2634
2634
2634
2634
2634
2634
2634
2635
2635
2641
2641
2643
2643
2644
2644
2644
2646
2646
2646
2646
2646
2646
2646
2646
2646
2646
2646
2646
2646
2646
2647
2647
2648
2648
2649
2649
2650
2650
2650
2650
2650
2650
2651
2652
2653
2653
2653
2653
2653
2653
2653
2653
2653
2653
2653
2653
2653
2653
2653
2653
2653
2653
2653
2653
2653
2653
2653
2653
2653
2653
2655
2658
2659
2659
2659
2659
2660
2661
2662
2662
2662
2662
2662
2662
2662
2662
2662
2662
2662
2662
2662
2662
2662
2662
2662
2662
2662
2662
2662
2662
2662
2662
2662
2662
2662
2663
2665
2665
2665
2665
2666
2667
2668
2668
2668
2668
2668
2668
2668
2668
2670
2671
2671
2672
2674
2676
2679
2679
2681
2682
2683
2685
2686
2689
2689
2691
2691
2691
2691
2691
2691
2691
2691
2691
2691
2691
2691
2691
2692
2692
2693
2693
2693
2695
2696
2697
2697
2697
2699
2699
2699
2699
2700
2700
2700
2701
2702
2705
2706
2706
2706
2707
2707
2707
2707
2707
2707
2707
2707
2707
2707
2707
2707
2707
2711
2712
2712
2714
2714
2716
2716
2716
2716
2716
2716
2716
2717
2717
2717
2717
2717
2717
2717
2717
2717
2717
2717
2717
2717
2717
2717
2717
2717
2718
2718
2718
2718
2718
2718
2718
2718
2718
2719
2719
2720
2720
2720
2720
2720
2720
2720
2720
2720
2720
2720
2720
2720
2720
2720
2720
2720
2720
2720
2721
2723
2723
2723
2723
2723
2723
2723
2723
2723
2723
2723
2723
2723
2732
2732
2734
2734
2736
2742
2746
2746
2746
2746
2747
2747
2747
2747
2747
2748
2748
2748
2749
2750
2750
2750
2750
2753
2753
2753
2753
2753
2753
2753
2753
2753
2753
2754
2754
2755
2756
2757
2758
2759
2759
2759
2760
2761
2762
2763
2763
2763
2763
2763
2763
2763
2763
2765
2765
2766
2768
2768
2768
2769
2769
2769
2770
2770
2770
2771
2771
2771
2773
2773
2773
2773
2773
2773
2774
2774
2774
2774
2774
2774
2774
2774
2774
2774
2774
2774
2774
2775
2775
2775
2776
2776
2776
2778
2778
2779
2784
2786
2788
2788
2788
2789
2791
2791
2791
2791
2791
2791
2791
2791
2791
2791
2791
2791
2791
2793
2795
2797
2797
2797
2797
2797
2797
2797
2797
2799
2800
2800
2800
2800
2800
2800
2800
2800
2801
2801
2801
2801
2801
2801
2801
2802
2802
2802
2802
2803
2803
2803
2803
2803
2803
2803
2803
2803
2803
2804
2804
2804
2804
2804
2804
2804
2804
2804
2807
2808
2810
2810
2810
2810
2810
2810
2810
2810
2810
2810
2810
2810
2810
2810
2810
2812
2812
2812
2813
2815
2815
2815
2815
2815
2815
2815
2815
2815
2816
2816
2816
2816
2817
2817
2817
2817
2817
2817
2817
2817
2817
2817
2817
2817
2817
2817
2818
2818
2818
2819
2820
2823
2823
2823
2824
2824
2824
2824
2825
2825
2825
2827
2827
2827
2827
2828
2828
2828
2828
2829
2830
2830
2832
2832
2834
2834
2834
2834
2835
2835
2835
2837
2838
2838
2838
2838
2838
2838
2838
2838
2838
2838
2838
2839
2839
2839
2840
2840
2840
2840
2840
2840
2840
2840
2840
2840
2840
2840
2840
2842
2842
2842
2842
2842
2843
2844
2844
2846
2846
2847
2847
2849
2849
2849
2849
2849
2849
2849
2849
2849
2849
2849
2849
2849
2849
2849
2849
2851
2851
2851
2851
2851
2851
2852
2852
2852
2852
2852
2853
2853
2853
2853
2853
2853
2853
2854
2855
2855
2855
2856
2856
2857
2857
2858
2858
2858
2858
2858
2858
2858
2858
2858
2858
2858
2858
2858
2858
2859
2861
2863
2863
2863
2863
2863
2863
2863
2863
2863
2863
2863
2863
2863
2863
2863
2863
2863
2863
2863
2863
2863
2863
2863
2863
2864
2864
2864
2864
2864
2864
2864
2864
2864
2865
2866
2866
2868
2868
2868
2868
2868
2868
2868
2868
2868
2868
2868
2868
2868
2868
2869
2869
2869
2869
2869
2869
2869
2869
2869
2869
2869
2869
2869
2869
2869
2869
2869
2869
2869
2870
2871
2871
2871
2871
2871
2871
2872
2872
2874
2875
2876
2876
2876
2876
2877
2879
2881
2881
2881
2883
2884
2884
2885
2885
2886
2886
2886
2886
2886
2886
2886
2886
2887
2889
2890
2890
2890
2890
2891
2891
2891
2891
2891
2891
2891
2891
2891
2891
2891
2891
2891
2891
2891
2891
2891
2891
2891
2891
2891
2891
2891
2892
2893
2893
2893
2893
2893
2894
2894
2896
2896
2896
2896
2896
2896
2898
2898
2899
2900
2900
2900
2900
2901
2902
2902
2902
2902
2902
2902
2902
2902
2902
2902
2902
2903
2903
2903
2903
2903
2903
2903
2903
2903
2903
2903
2903
2903
2903
2903
2903
2903
2903
2903
2904
2904
2904
2904
2906
2908
2909
2909
2911
2911
2912
2917
2918
2918
2919
2922
2922
2922
2922
2922
2923
2923
2923
2923
2923
2923
2924
2924
2926
2928
2929
2931
2931
2931
2931
2931
2931
2931
2931
2931
2931
2931
2932
2932
2932
2932
2932
2934
2934
2934
2934
2937
2937
2937
2937
2938
2938
2938
2942
2943
2945
2948
2948
2948
2948
2948
2950
2951
2951
2951
2951
2951
2951
2951
2951
2951
2951
2952
2954
2954
2954
2954
2954
2954
2954
2954
2956
2961
2961
2961
2962
2962
2962
2962
2962
2962
2962
2962
2965
2965
2965
2966
2966
2970
2974
2975
2975
2975
2975
2975
2975
2975
2975
2975
2975
2975
2976
2977
2977
2977
2977
2977
2977
2977
2977
2977
2977
2977
2977
2977
2977
2977
2978
2982
2982
2982
2982
2982
2982
2982
2984
2984
2984
2984
2984
2984
2985
2985
2985
2985
2985
2985
2985
2988
2989
2993
2994
2994
2994
2998
2999
2999
2999
2999
2999
2999
2999
3000
3002
3004
3004
3004
3004
3004
3004
3004
3004
3004
3004
3004
3004
3004
3004
3004
3004
3004
3004
3004
3004
3004
3004
3004
3005
3009
3009
3009
3009
3009
3010
3010
3011
3011
3013
3013
3013
3015
3015
3015
3016
3016
3017
3018
3020
3021
3021
3021
3021
3021
3021
3021
3021
3021
3021
3021
3021
3021
3021
3024
3025
3026
3026
3026
3026
3026
3026
3027
3027
3027
3027
3027
3027
3027
3027
3027
3027
3027
3027
3028
3028
3028
3028
3028
3028
3028
3028
3028
3028
3029
3029
3029
3030
3030
3034
3038
3038
3038
3038
3039
3039
3039
3039
3040
3040
3040
3040
3040
3040
3040
3040
3040
3040
3040
3040
3042
3042
3042
3042
3042
3042
3042
3042
3042
3043
3043
3043
3043
3043
3043
3043
3043
3045
3045
3045
3045
3045
3045
3045
3045
3049
3049
3049
3049
3049
3051
3051
3052
3054
3054
3054
3054
3054
3054
3054
3055
3056
3056
3056
3059
3059
3059
3060
3060
3060
3060
3060
3060
3060
3060
3060
3060
3060
3060
3060
3060
3060
3063
3063
3065
3067
3068
3068
3069
3069
3069
3069
3069
3069
3069
3069
3069
3069
3069
3069
3070
3070
3070
3070
3071
3071
3071
3071
3071
3072
3072
3072
3072
3072
3072
3072
3072
3073
3074
3074
3074
3075
3075
3079
3079
3084
3084
3084
3085
3085
3086
3086
3088
3089
3089
3093
3093
3094
3094
3094
3094
3094
3094
3094
3094
3094
3094
3094
3094
3094
3094
3094
3094
3097
3097
3098
3098
3098
3098
3098
3098
3098
3098
3098
3098
3102
3104
3105
3105
3105
3105
3105
3105
3107
3107
3108
3108
3108
3108
3108
3109
3110
3110
3110
3110
3110
3110
3110
3111
3111
3111
3114
3114
3114
3114
3114
3114
3114
3114
3114
3114
3114
3114
3114
3114
3114
3114
3114
3114
3114
3114
3114
3114
3114
3114
3114
3117
3117
3117
3117
3117
3120
3120
3121
3121
3124
3124
3125
3125
3125
3127
3128
3128
3128
3128
3129
3132
3132
3132
3132
3132
3132
3133
3133
3133
3134
3134
3134
3137
3139
3139
3139
3140
3144
3145
3146
3149
3149
3149
3150
3154
3156
3156
3156
3156
3156
3156
3156
3156
3156
3157
3157
3157
3157
3157
3157
3157
3157
3157
3157
3158
3158
3159
3159
3159
3159
3160
3162
3164
3164
3164
3164
3164
3165
3165
3165
3165
3165
3166
3167
3167
3170
3171
3171
3171
3171
3171
3171
3171
3171
3171
3171
3171
3172
3174
3176
3177
3177
3177
3177
3177
3177
3177
3178
3179
3179
3179
3179
3180
3180
3180
3181
3184
3186
3186
3188
3188
3188
3188
3188
3188
3188
3188
3188
3188
3188
3188
3188
3188
3188
3188
3188
3191
3191
3191
3191
3191
3191
3191
3191
3191
3192
3196
3196
3196
3198
3198
3198
3199
3201
3202
3205
3205
3205
3205
3205
3207
3207
3207
3207
3209
3213
3213
3213
3213
3213
3213
3213
3213
3214
3215
3216
3223
3223
3224
3225
3225
3225
3225
3226
3226
3226
3226
3226
3226
3226
3226
3226
3226
3226
3226
3226
3226
3227
3227
3227
3227
3228
3228
3230
3230
3233
3233
3233
3233
3235
3235
3235
3235
3235
3235
3235
3235
3236
3236
3236
3236
3237
3237
3237
3237
3237
3237
3237
3237
3237
3237
3237
3237
3237
3237
3237
3237
3237
3237
3237
3237
3237
3237
3237
3237
3237
3237
3237
3238
3238
3238
3240
3240
3240
3241
3241
3241
3241
3241
3241
3241
3241
3241
3241
3241
3241
3241
3241
3241
3241
3243
3244
3244
3245
3245
3247
3247
3247
3247
3247
3247
3247
3247
3247
3247
3247
3247
3248
3248
3248
3248
3248
3248
3254
3254
3256
3256
3256
3256
3256
3256
3256
3256
3256
3256
3256
3256
3256
3260
3260
3260
3260
3260
3260
3262
3264
3265
3265
3265
3267
3267
3267
3267
3268
3271
3271
3271
3271
3271
3271
3272
3272
3272
3272
3272
3272
3272
3272
3272
3273
3275
3275
3275
3275
3275
3275
3275
3275
3280
3281
3282
3291
3291
3291
3292
3293
3294
3294
3294
3295
3297
3297
3297
3299
3300
3300
3302
3305
3305
3305
3305
3305
3305
3305
3305
3305
3305
3305
3305
3305
3308
3310
3311
3311
3311
3311
3311
3311
3311
3311
3311
3311
3311
3311
3311
3311
3312
3312
3312
3312
3312
3312
3312
3312
3312
3312
3312
3312
3312
3312
3312
3312
3312
3312
3312
3312
3313
3313
3313
3313
3313
3313
3313
3313
3313
3313
3313
3313
3313
3313
3313
3313
3313
3313
3313
3313
3313
3313
3317
3317
3319
3319
3319
3319
3319
3319
3319
3319
3319
3324
3326
3326
3327
3327
3327
3327
3327
3328
3331
3331
3331
3331
3331
3331
3331
3333
3335
3335
3335
3336
3336
3338
3340
3340
3344
3344
3345
3345
3345
3348
3348
3348
3348
3348
3348
3348
3348
3348
3349
3350
3350
3351
3351
3351
3351
3354
3354
3354
3354
3354
3355
3357
3357
3357
3357
3360
3360
3360
3360
3360
3360
3360
3360
3360
3360
3360
3360
3360
3362
3362
3364
3364
3368
3368
3371
3371
3371
3371
3371
3371
3371
3371
3371
3371
3371
3371
3371
3371
3371
3371
3371
3371
3371
3371
3371
3373
3373
3373
3373
3373
3373
3373
3373
3374
3377
3377
3377
3377
3377
3377
3377
3377
3377
3377
3377
3377
3377
3377
3377
3377
3377
3377
3377
3377
3377
3380
3382
3386
3386
3386
3386
3389
3389
3391
3391
3391
3391
3391
3391
3391
3391
3391
3391
3392
3392
3393
3393
3393
3393
3393
3393
3393
3394
3394
3394
3394
3394
3394
3394
3394
3394
3394
3395
3395
3395
3395
3395
3395
3395
3395
3395
3395
3395
3395
3395
3395
3395
3395
3395
3398
3398
3398
3398
3398
3398
3398
3398
3398
3398
3398
3398
3398
3398
3400
3403
3403
3403
3403
3403
3404
3404
3404
3406
3406
3406
3406
3406
3406
3408
3408
3408
3408
3408
3408
3408
3408
3408
3408
3408
3408
3408
3408
3408
3408
3410
3410
3410
3410
3410
3410
3410
3410
3410
3410
3410
3412
3412
3412
3412
3412
3412
3412
3412
3412
3412
3412
3412
3414
3414
3414
3415
3417
3417
3417
3417
3417
3417
3418
3419
3421
3421
3421
3421
3421
3421
3421
3422
3423
3424
3424
3425
3427
3427
3427
3427
3427
3427
3427
3427
3427
3427
3429
3436
3436
3438
3438
3438
3443
3443
3443
3443
3446
3448
3451
3452
3452
3455
3455
3455
3455
3455
3457
3457
3457
3457
3459
3460
3460
3460
3460
3460
3460
3461
3461
3464
3466
3467
3469
3469
3469
3469
3469
3469
3469
3469
3470
3473
3473
3473
3474
3474
3474
3474
3474
3474
3475
3475
3475
3475
3475
3475
3475
3475
3475
3475
3475
3479
3483
3488
3488
3490
3490
3490
3490
3490
3490
3490
3490
3490
3490
3490
3490
3490
3490
3490
3490
3490
3490
3490
3492
3492
3492
3492
3492
3492
3492
3492
3494
3494
3495
3495
3497
3497
3499
3499
3499
3499
3499
3501
3501
3501
3501
3503
3503
3503
3503
3504
3504
3504
3504
3504
3504
3504
3504
3504
3504
3505
3506
3506
3506
3507
3508
3510
3511
3511
3511
3511
3511
3511
3512
3512
3516
3516
3516
3516
3517
3517
3517
3517
3519
3524
3524
3525
3526
3528
3528
3528
3528
3528
3528
3528
3528
3528
3528
3528
3528
3528
3528
3528
3528
3528
3530
3532
3533
3533
3537
3537
3537
3537
3537
3537
3537
3537
3537
3537
3537
3537
3537
3538
3538
3538
3539
3539
3541
3543
3545
3545
3545
3545
3545
3545
3545
3545
3545
3547
3547
3547
3547
3547
3547
3547
3547
3547
3547
3547
3549
3549
3549
3549
3550
3550
3550
3550
3550
3550
3550
3550
3550
3550
3550
3550
3550
3550
3550
3553
3554
3554
3554
3554
3554
3554
3554
3554
3554
3554
3554
3556
3556
3556
3556
3556
3556
3556
3556
3556
3556
3556
3557
3557
3557
3557
3557
3557
3559
3559
3559
3559
3559
3559
3561
3561
3561
3561
3561
3561
3561
3561
3561
3561
3561
3565
3567
3567
3567
3567
3568
3569
3571
3571
3571
3571
3571
3571
3571
3571
3571
3571
3571
3571
3571
3571
3571
3572
3573
3573
3573
3573
3573
3574
3577
3577
3577
3579
3579
3579
3579
3580
3580
3580
3583
3583
3583
3583
3583
3583
3584
3584
3584
3585
3589
3589
3589
3590
3590
3590
3590
3590
3590
3590
3590
3590
3590
3590
3592
3592
3592
3593
3593
3594
3594
3594
3594
3594
3594
3594
3594
3594
3594
3594
3594
3594
3594
3594
3594
3595
3595
3596
3596
3596
3597
3599
3599
3600
3600
3600
3601
3602
3604
3604
3604
3604
3604
3604
3606
3606
3606
3606
3606
3606
3606
3608
3608
3610
3610
3610
3611
3611
3611
3611
3611
3611
3611
3613
3614
3614
3614
3614
3615
3616
3616
3616
3617
3617
3618
3618
3618
3618
3618
3618
3618
3618
3618
3618
3618
3618
3620
3620
3620
3620
3620
3620
3620
3620
3622
3626
3626
3626
3626
3626
3627
3627
3627
3627
3627
3627
3628
3630
3630
3630
3630
3630
3630
3630
3630
3630
3630
3630
3630
3630
3632
3632
3632
3632
3633
3633
3633
3633
3633
3638
3638
3639
3639
3639
3646
3647
3647
3647
3647
3647
3647
3648
3649
3649
3649
3649
3649
3649
3649
3650
3650
3650
3655
3656
3656
3656
3656
3656
3656
3656
3656
3656
3656
3656
3656
3656
3656
3656
3656
3656
3656
3656
3656
3656
3656
3656
3656
3657
3657
3657
3657
3657
3657
3657
3657
3657
3657
3658
3658
3660
3662
3663
3663
3663
3664
3666
3666
3669
3669
3669
3669
3669
3669
3669
3669
3669
3674
3674
3674
3674
3674
3674
3674
3674
3674
3674
3674
3674
3674
3674
3674
3674
3674
3676
3676
3676
3676
3676
3676
3676
3676
3676
3676
3676
3676
3678
3678
3678
3678
3678
3678
3678
3681
3681
3681
3681
3682
3683
3683
3683
3683
3683
3683
3683
3683
3683
3683
3683
3683
3683
3683
3683
3683
3683
3683
3683
3683
3683
3683
3683
3684
3684
3685
3685
3686
3686
3686
3686
3686
3686
3686
3686
3686
3686
3686
3686
3686
3686
3686
3686
3686
3686
3686
3686
3686
3686
3686
3686
3686
3686
3687
3688
3688
3692
3692
3693
3695
3695
3696
3698
3699
3700
3700
3700
3700
3701
3701
3705
3706
3706
3706
3706
3708
3708
3709
3709
3710
3712
3714
3716
3716
3718
3720
3721
3722
3724
3728
3728
3728
3728
3728
3728
3728
3728
3728
3728
3728
3728
3728
3728
3728
3728
3728
3728
3728
3728
3728
3729
3729
3729
3729
3729
3731
3732
3733
3734
3734
3734
3734
3734
3734
3736
3736
3738
3739
3739
3739
3739
3739
3739
3739
3739
3743
3743
3743
3743
3743
3743
3743
3743
3743
3743
3743
3743
3743
3743
3743
3743
3743
3743
3743
3743
3743
3743
3746
3746
3746
3746
3746
3746
3746
3746
3746
3746
3746
3746
3746
3751
3751
3751
3751
3751
3751
3751
3751
3751
3751
3751
3751
3751
3751
3751
3755
3755
3755
3758
3758
3758
3758
3758
3758
3758
3760
3760
3760
3762
3762
3762
3762
3762
3762
3762
3763
3763
3766
3767
3767
3767
3767
3767
3767
3767
3767
3767
3768
3771
3772
3772
3772
3772
3772
3772
3774
3776
3776
3776
3776
3776
3776
3776
3776
3776
3777
3779
3779
3779
3779
3779
3779
3779
3779
3779
3779
3781
3782
3783
3784
3784
3788
3790
3790
3790
3790
3790
3792
3792
3795
3795
3795
3795
3795
3795
3795
3795
3795
3795
3795
3795
3795
3798
3798
3798
3798
3798
3798
3798
3798
3798
3798
3798
3798
3798
3798
3798
3798
3798
3798
3807
3809
3809
3810
3810
3810
3810
3810
3810
3810
3810
3810
3810
3810
3810
3810
3810
3810
3810
3810
3810
3810
3810
3810
3811
3811
3814
3814
3814
3814
3814
3814
3814
3814
3814
3814
3814
3814
3816
3817
3817
3822
3822
3827
3830
3830
3830
3830
3830
3830
3830
3830
3831
3834
3834
3835
3835
3837
3837
3837
3837
3837
3838
3839
3840
3840
3840
3840
3840
3840
3840
3840
3840
3841
3841
3841
3841
3846
3846
3846
3846
3846
3846
3846
3846
3846
3846
3846
3846
3846
3846
3846
3846
3846
3846
3846
3846
3846
3847
3847
3847
3847
3847
3847
3847
3847
3847
3847
3847
3849
3851
3853
3853
3853
3854
3854
3855
3855
3855
3855
3855
3855
3857
3857
3857
3866
3866
3866
3866
3866
3866
3866
3866
3866
3866
3866
3866
3866
3866
3867
3871
3871
3871
3871
3871
3871
3874
3874
3874
3874
3874
3874
3875
3876
3876
3876
3876
3876
3876
3876
3876
3876
3876
3876
3876
3876
3876
3876
3876
3876
3876
3876
3876
3876
3877
3880
3880
3880
3880
3880
3880
3880
3880
3880
3880
3880
3880
3880
3880
3880
3880
3880
3881
3881
3881
3881
3881
3881
3881
3881
3881
3881
3881
3882
3882
3882
3884
3884
3884
3884
3885
3885
3885
3885
3885
3885
3885
3885
3885
3885
3885
3885
3885
3885
3887
3887
3887
3887
3887
3889
3890
3890
3890
3890
3890
3890
3890
3890
3893
3893
3893
3893
3893
3894
3894
3894
3894
3894
3896
3896
3899
3900
3900
3900
3900
3900
3900
3900
3900
3900
3901
3901
3901
3901
3901
3902
3902
3902
3902
3902
3902
3902
3902
3902
3902
3904
3904
3906
3906
3906
3906
3906
3906
3906
3906
3906
3906
3909
3909
3909
3910
3910
3910
3910
3910
3910
3910
3910
3910
3910
3910
3910
3910
3910
3912
3914
3914
3914
3915
3915
3915
3915
3915
3915
3915
3915
3915
3915
3915
3915
3915
3916
3916
3916
3916
3916
3916
3916
3916
3917
3921
3921
3921
3921
3921
3921
3921
3921
3921
3925
3925
3925
3927
3927
3927
3927
3927
3927
3930
3932
3932
3932
3932
3932
3932
3932
3932
3932
3932
3932
3933
3934
3934
3937
3941
3941
3941
3941
3941
3941
3941
3941
3941
3941
3941
3941
3941
3941
3942
3942
3942
3944
3944
3944
3944
3944
3944
3947
3947
3957
3958
3958
3959
3959
3959
3959
3964
3966
3968
3968
3968
3969
3973
3973
3973
3975
3975
3977
3977
3981
3984
3986
3986
3986
3986
3989
3992
3993
3993
3993
3993
3993
3993
3993
3993
3994
3996
3998
3998
4000
4001
4001
4001
4001
4001
4001
4001
4001
4001
4001
4001
4001
4006
4006
4009
4009
4009
4009
4009
4009
4012
4012
4012
4013
4013
4013
4013
4013
4015
4015
4015
4015
4015
4015
4015
4015
4018
4018
4018
4018
4018
4018
4018
4018
4018
4018
4018
4018
4018
4018
4018
4018
4018
4018
4020
4026
4031
4031
4031
4031
4031
4031
4031
4031
4031
4031
4031
4031
4037
4040
4040
4040
4040
4040
4040
4040
4040
4040
4040
4040
4040
4040
4040
4040
4044
4044
4044
4044
4045
4045
4045
4045
4045
4047
4047
4047
4047
4047
4047
4047
4047
4047
4047
4047
4047
4047
4047
4049
4050
4050
4053
4053
4053
4053
4053
4054
4055
4058
4058
4062
4062
4062
4064
4064
4067
4069
4071
4071
4071
4071
4071
4071
4072
4072
4072
4072
4072
4072
4072
4072
4073
4073
4073
4084
4084
4085
4091
4093
4093
4095
4095
4100
4100
4102
4111
4113
4114
4114
4116
4118
4118
4118
4119
4121
4127
4128
4128
4128
4128
4128
4128
4128
4128
4128
4128
4128
4128
4128
4128
4128
4128
4128
4128
4128
4128
4128
4128
4128
4128
4129
4129
4129
4129
4130
4130
4130
4130
4130
4130
4130
4130
4130
4130
4130
4130
4130
4130
4131
4132
4132
4135
4135
4137
4138
4142
4143
4153
4153
4155
4162
4162
4162
4162
4162
4162
4162
4164
4165
4166
4166
4166
4166
4168
4172
4172
4172
4172
4172
4172
4172
4182
4187
4188
4188
4188
4188
4188
4188
4188
4188
4188
4188
4188
4191
4191
4191
4191
4191
4191
4191
4192
4192
4192
4192
4193
4193
4193
4194
4197
4197
4197
4197
4197
4198
4198
4200
4200
4200
4200
4200
4200
4200
4201
4201
4201
4201
4201
4201
4201
4201
4201
4201
4201
4201
4201
4202
4202
4202
4202
4202
4202
4202
4202
4204
4207
4207
4207
4210
4210
4210
4212
4212
4216
4218
4221
4221
4221
4224
4226
4227
4227
4228
4231
4231
4231
4231
4231
4231
4231
4232
4234
4234
4236
4238
4245
4245
4248
4251
4254
4254
4254
4254
4254
4261
4261
4261
4265
4270
4270
4270
4271
4271
4273
4273
4273
4273
4274
4274
4274
4274
4277
4277
4277
4277
4277
4277
4278
4278
4278
4279
4279
4280
4280
4280
4280
4280
4280
4280
4280
4280
4280
4280
4280
4280
4281
4281
4282
4282
4282
4282
4282
4282
4283
4283
4290
4291
4291
4291
4291
4291
4291
4291
4291
4291
4291
4291
4291
4291
4291
4291
4291
4291
4291
4292
4293
4294
4295
4296
4296
4296
4296
4297
4302
4305
4305
4305
4305
4305
4305
4305
4305
4305
4305
4305
4305
4305
4305
4305
4305
4306
4306
4306
4311
4315
4315
4315
4317
4317
4317
4317
4317
4317
4317
4317
4317
4319
4321
4321
4321
4321
4322
4322
4323
4324
4324
4324
4324
4325
4325
4325
4325
4325
4325
4325
4325
4325
4325
4325
4325
4325
4325
4325
4325
4325
4326
4326
4326
4327
